266 0 2643
1372 0 2643
1 0 2625
3 0 2625
16 0 2625
20 0 2625
21 0 2625
23 0 2625
26 0 2625
27 0 2625
28 0 2625
32 0 2625
38 0 2625
49 0 2625
52 0 2625
53 0 2625
61 0 2625
67 0 2625
72 0 2625
73 0 2625
78 0 2625
79 0 2625
81 0 2625
91 0 2625
95 0 2625
100 0 2625
109 0 2625
116 0 2625
117 0 2625
120 0 2625
126 0 2625
127 0 2625
143 0 2625
144 0 2625
146 0 2625
147 0 2625
160 0 2625
163 0 2625
171 0 2625
172 0 2625
173 0 2625
175 0 2625
176 0 2625
180 0 2625
182 0 2625
183 0 2625
185 0 2625
186 0 2625
187 0 2625
194 0 2625
200 0 2625
206 0 2625
209 0 2625
221 0 2625
225 0 2625
226 0 2625
227 0 2625
228 0 2625
229 0 2625
230 0 2625
231 0 2625
232 0 2625
233 0 2625
234 0 2625
240 0 2625
243 0 2625
244 0 2625
246 0 2625
249 0 2625
251 0 2625
253 0 2625
256 0 2625
259 0 2625
262 0 2625
264 0 2625
265 0 2625
270 0 2625
272 0 2625
280 0 2625
294 0 2625
297 0 2625
299 0 2625
312 0 2625
313 0 2625
322 0 2625
325 0 2625
327 0 2625
333 0 2625
338 0 2625
342 0 2625
348 0 2625
349 0 2625
352 0 2625
357 0 2625
361 0 2625
362 0 2625
372 0 2625
373 0 2625
379 0 2625
384 0 2625
387 0 2625
390 0 2625
396 0 2625
397 0 2625
398 0 2625
402 0 2625
404 0 2625
425 0 2625
430 0 2625
434 0 2625
448 0 2625
449 0 2625
451 0 2625
452 0 2625
454 0 2625
455 0 2625
471 0 2625
490 0 2625
497 0 2625
509 0 2625
514 0 2625
525 0 2625
539 0 2625
540 0 2625
545 0 2625
549 0 2625
553 0 2625
561 0 2625
565 0 2625
567 0 2625
571 0 2625
575 0 2625
577 0 2625
585 0 2625
589 0 2625
596 0 2625
598 0 2625
630 0 2625
635 0 2625
650 0 2625
664 0 2625
667 0 2625
678 0 2625
679 0 2625
683 0 2625
684 0 2625
685 0 2625
688 0 2625
719 0 2625
742 0 2625
747 0 2625
750 0 2625
751 0 2625
754 0 2625
758 0 2625
760 0 2625
768 0 2625
770 0 2625
778 0 2625
796 0 2625
797 0 2625
801 0 2625
802 0 2625
805 0 2625
807 0 2625
808 0 2625
809 0 2625
824 0 2625
826 0 2625
828 0 2625
829 0 2625
830 0 2625
832 0 2625
837 0 2625
839 0 2625
840 0 2625
848 0 2625
854 0 2625
875 0 2625
878 0 2625
880 0 2625
889 0 2625
896 0 2625
911 0 2625
915 0 2625
916 0 2625
929 0 2625
975 0 2625
976 0 2625
981 0 2625
1012 0 2625
1015 0 2625
1018 0 2625
1024 0 2625
1026 0 2625
1033 0 2625
1075 0 2625
1086 0 2625
1087 0 2625
1088 0 2625
1104 0 2625
1109 0 2625
1137 0 2625
1138 0 2625
1160 0 2625
1179 0 2625
1180 0 2625
1182 0 2625
1187 0 2625
1214 0 2625
1221 0 2625
1227 0 2625
1230 0 2625
1238 0 2625
1243 0 2625
1249 0 2625
1276 0 2625
1302 0 2625
1303 0 2625
1313 0 2625
1357 0 2625
1361 0 2625
1363 0 2625
1364 0 2625
1371 0 2625
1392 0 2625
1406 0 2625
1412 0 2625
1413 0 2625
1414 0 2625
1415 0 2625
1418 0 2625
1432 0 2625
1477 0 2625
1482 0 2625
1483 0 2625
1490 0 2625
1522 0 2625
1547 0 2625
1551 0 2625
1555 0 2625
1558 0 2625
1585 0 2625
1594 0 2625
1595 0 2625
1596 0 2625
1609 0 2625
1612 0 2625
1614 0 2625
1617 0 2625
1645 0 2625
1656 0 2625
1672 0 2625
1 0 2626
20 0 2626
23 0 2626
28 0 2626
34 0 2626
49 0 2626
61 0 2626
77 0 2626
81 0 2626
96 0 2626
100 0 2626
109 0 2626
111 0 2626
116 0 2626
117 0 2626
131 0 2626
139 0 2626
140 0 2626
141 0 2626
147 0 2626
150 0 2626
163 0 2626
171 0 2626
172 0 2626
173 0 2626
180 0 2626
183 0 2626
200 0 2626
205 0 2626
209 0 2626
221 0 2626
226 0 2626
227 0 2626
228 0 2626
229 0 2626
230 0 2626
246 0 2626
251 0 2626
253 0 2626
256 0 2626
265 0 2626
270 0 2626
303 0 2626
330 0 2626
354 0 2626
357 0 2626
372 0 2626
379 0 2626
384 0 2626
388 0 2626
397 0 2626
398 0 2626
402 0 2626
404 0 2626
430 0 2626
448 0 2626
449 0 2626
456 0 2626
462 0 2626
464 0 2626
471 0 2626
490 0 2626
494 0 2626
497 0 2626
499 0 2626
510 0 2626
518 0 2626
519 0 2626
525 0 2626
529 0 2626
540 0 2626
553 0 2626
559 0 2626
561 0 2626
565 0 2626
575 0 2626
600 0 2626
621 0 2626
635 0 2626
654 0 2626
678 0 2626
679 0 2626
719 0 2626
754 0 2626
767 0 2626
768 0 2626
801 0 2626
811 0 2626
819 0 2626
825 0 2626
826 0 2626
827 0 2626
828 0 2626
830 0 2626
861 0 2626
876 0 2626
889 0 2626
896 0 2626
918 0 2626
923 0 2626
929 0 2626
946 0 2626
950 0 2626
981 0 2626
992 0 2626
1012 0 2626
1015 0 2626
1030 0 2626
1032 0 2626
1033 0 2626
1057 0 2626
1059 0 2626
1075 0 2626
1090 0 2626
1104 0 2626
1115 0 2626
1125 0 2626
1132 0 2626
1238 0 2626
1278 0 2626
1292 0 2626
1313 0 2626
1382 0 2626
1410 0 2626
1449 0 2626
1468 0 2626
1479 0 2626
1502 0 2626
1514 0 2626
1522 0 2626
1530 0 2626
1539 0 2626
1554 0 2626
1607 0 2626
1614 0 2626
0 0 2627
70 0 2627
94 0 2627
98 0 2627
100 0 2627
101 0 2627
102 0 2627
113 0 2627
168 0 2627
188 0 2627
205 0 2627
239 0 2627
403 0 2627
407 0 2627
417 0 2627
419 0 2627
421 0 2627
425 0 2627
431 0 2627
472 0 2627
500 0 2627
537 0 2627
541 0 2627
587 0 2627
595 0 2627
623 0 2627
624 0 2627
819 0 2627
945 0 2627
968 0 2627
988 0 2627
992 0 2627
1065 0 2627
1075 0 2627
1077 0 2627
1090 0 2627
1218 0 2627
1239 0 2627
1366 0 2627
1408 0 2627
1411 0 2627
1469 0 2627
0 0 2628
7 0 2628
34 0 2628
62 0 2628
70 0 2628
77 0 2628
90 0 2628
93 0 2628
94 0 2628
98 0 2628
101 0 2628
102 0 2628
111 0 2628
131 0 2628
137 0 2628
138 0 2628
139 0 2628
140 0 2628
141 0 2628
150 0 2628
224 0 2628
242 0 2628
246 0 2628
258 0 2628
260 0 2628
303 0 2628
307 0 2628
313 0 2628
373 0 2628
376 0 2628
382 0 2628
388 0 2628
397 0 2628
399 0 2628
403 0 2628
414 0 2628
415 0 2628
416 0 2628
417 0 2628
418 0 2628
419 0 2628
421 0 2628
422 0 2628
425 0 2628
431 0 2628
456 0 2628
464 0 2628
472 0 2628
476 0 2628
499 0 2628
500 0 2628
537 0 2628
538 0 2628
541 0 2628
547 0 2628
559 0 2628
583 0 2628
587 0 2628
595 0 2628
599 0 2628
621 0 2628
622 0 2628
623 0 2628
624 0 2628
625 0 2628
725 0 2628
754 0 2628
767 0 2628
790 0 2628
794 0 2628
811 0 2628
819 0 2628
827 0 2628
831 0 2628
841 0 2628
842 0 2628
861 0 2628
877 0 2628
891 0 2628
893 0 2628
928 0 2628
931 0 2628
945 0 2628
950 0 2628
968 0 2628
988 0 2628
992 0 2628
995 0 2628
1002 0 2628
1014 0 2628
1030 0 2628
1031 0 2628
1032 0 2628
1059 0 2628
1062 0 2628
1065 0 2628
1075 0 2628
1077 0 2628
1090 0 2628
1132 0 2628
1163 0 2628
1199 0 2628
1218 0 2628
1278 0 2628
1291 0 2628
1292 0 2628
1335 0 2628
1382 0 2628
1408 0 2628
1411 0 2628
1414 0 2628
1443 0 2628
1468 0 2628
1469 0 2628
1472 0 2628
1479 0 2628
1502 0 2628
1530 0 2628
1539 0 2628
1554 0 2628
1607 0 2628
1614 0 2628
0 0 2629
3 0 2629
7 0 2629
12 0 2629
15 0 2629
16 0 2629
20 0 2629
24 0 2629
25 0 2629
28 0 2629
33 0 2629
39 0 2629
40 0 2629
41 0 2629
44 0 2629
46 0 2629
48 0 2629
62 0 2629
64 0 2629
65 0 2629
66 0 2629
68 0 2629
69 0 2629
71 0 2629
72 0 2629
73 0 2629
79 0 2629
80 0 2629
82 0 2629
84 0 2629
87 0 2629
89 0 2629
90 0 2629
92 0 2629
93 0 2629
94 0 2629
103 0 2629
104 0 2629
107 0 2629
108 0 2629
109 0 2629
110 0 2629
115 0 2629
119 0 2629
121 0 2629
122 0 2629
137 0 2629
138 0 2629
149 0 2629
150 0 2629
151 0 2629
152 0 2629
153 0 2629
157 0 2629
162 0 2629
166 0 2629
167 0 2629
168 0 2629
169 0 2629
170 0 2629
172 0 2629
183 0 2629
185 0 2629
188 0 2629
193 0 2629
200 0 2629
201 0 2629
203 0 2629
207 0 2629
208 0 2629
210 0 2629
215 0 2629
219 0 2629
224 0 2629
230 0 2629
231 0 2629
234 0 2629
235 0 2629
237 0 2629
239 0 2629
241 0 2629
242 0 2629
247 0 2629
248 0 2629
250 0 2629
254 0 2629
255 0 2629
256 0 2629
258 0 2629
260 0 2629
268 0 2629
273 0 2629
283 0 2629
289 0 2629
293 0 2629
300 0 2629
311 0 2629
315 0 2629
318 0 2629
320 0 2629
334 0 2629
336 0 2629
337 0 2629
340 0 2629
341 0 2629
344 0 2629
346 0 2629
351 0 2629
353 0 2629
361 0 2629
363 0 2629
366 0 2629
367 0 2629
368 0 2629
371 0 2629
375 0 2629
376 0 2629
380 0 2629
381 0 2629
382 0 2629
383 0 2629
384 0 2629
385 0 2629
387 0 2629
389 0 2629
390 0 2629
392 0 2629
393 0 2629
394 0 2629
395 0 2629
398 0 2629
399 0 2629
400 0 2629
401 0 2629
406 0 2629
407 0 2629
408 0 2629
409 0 2629
410 0 2629
411 0 2629
413 0 2629
414 0 2629
418 0 2629
421 0 2629
424 0 2629
427 0 2629
429 0 2629
432 0 2629
434 0 2629
450 0 2629
455 0 2629
475 0 2629
476 0 2629
477 0 2629
479 0 2629
480 0 2629
481 0 2629
485 0 2629
486 0 2629
489 0 2629
493 0 2629
494 0 2629
496 0 2629
501 0 2629
511 0 2629
513 0 2629
515 0 2629
516 0 2629
521 0 2629
522 0 2629
523 0 2629
534 0 2629
538 0 2629
544 0 2629
559 0 2629
563 0 2629
570 0 2629
574 0 2629
576 0 2629
578 0 2629
579 0 2629
584 0 2629
597 0 2629
603 0 2629
608 0 2629
612 0 2629
622 0 2629
628 0 2629
629 0 2629
636 0 2629
647 0 2629
651 0 2629
654 0 2629
658 0 2629
662 0 2629
682 0 2629
686 0 2629
687 0 2629
691 0 2629
694 0 2629
699 0 2629
701 0 2629
708 0 2629
709 0 2629
711 0 2629
714 0 2629
717 0 2629
718 0 2629
720 0 2629
721 0 2629
722 0 2629
724 0 2629
727 0 2629
730 0 2629
731 0 2629
733 0 2629
736 0 2629
737 0 2629
738 0 2629
744 0 2629
745 0 2629
746 0 2629
748 0 2629
755 0 2629
762 0 2629
763 0 2629
764 0 2629
774 0 2629
777 0 2629
779 0 2629
780 0 2629
782 0 2629
784 0 2629
785 0 2629
786 0 2629
788 0 2629
789 0 2629
791 0 2629
792 0 2629
794 0 2629
795 0 2629
800 0 2629
803 0 2629
804 0 2629
817 0 2629
818 0 2629
819 0 2629
820 0 2629
823 0 2629
834 0 2629
835 0 2629
841 0 2629
842 0 2629
844 0 2629
852 0 2629
853 0 2629
855 0 2629
858 0 2629
861 0 2629
863 0 2629
865 0 2629
868 0 2629
870 0 2629
872 0 2629
875 0 2629
877 0 2629
880 0 2629
891 0 2629
892 0 2629
893 0 2629
900 0 2629
901 0 2629
903 0 2629
906 0 2629
907 0 2629
912 0 2629
925 0 2629
928 0 2629
931 0 2629
935 0 2629
937 0 2629
939 0 2629
940 0 2629
943 0 2629
944 0 2629
947 0 2629
951 0 2629
952 0 2629
956 0 2629
958 0 2629
963 0 2629
964 0 2629
969 0 2629
970 0 2629
987 0 2629
991 0 2629
992 0 2629
994 0 2629
995 0 2629
996 0 2629
997 0 2629
998 0 2629
999 0 2629
1000 0 2629
1001 0 2629
1002 0 2629
1006 0 2629
1011 0 2629
1013 0 2629
1022 0 2629
1025 0 2629
1027 0 2629
1028 0 2629
1029 0 2629
1031 0 2629
1034 0 2629
1035 0 2629
1036 0 2629
1039 0 2629
1040 0 2629
1042 0 2629
1043 0 2629
1046 0 2629
1047 0 2629
1048 0 2629
1050 0 2629
1051 0 2629
1053 0 2629
1056 0 2629
1058 0 2629
1060 0 2629
1066 0 2629
1069 0 2629
1070 0 2629
1071 0 2629
1073 0 2629
1078 0 2629
1079 0 2629
1091 0 2629
1092 0 2629
1093 0 2629
1094 0 2629
1097 0 2629
1099 0 2629
1101 0 2629
1102 0 2629
1103 0 2629
1109 0 2629
1113 0 2629
1114 0 2629
1117 0 2629
1119 0 2629
1137 0 2629
1139 0 2629
1154 0 2629
1161 0 2629
1164 0 2629
1165 0 2629
1166 0 2629
1169 0 2629
1171 0 2629
1176 0 2629
1177 0 2629
1178 0 2629
1179 0 2629
1180 0 2629
1181 0 2629
1182 0 2629
1184 0 2629
1185 0 2629
1187 0 2629
1189 0 2629
1196 0 2629
1198 0 2629
1201 0 2629
1202 0 2629
1203 0 2629
1205 0 2629
1208 0 2629
1217 0 2629
1218 0 2629
1224 0 2629
1229 0 2629
1233 0 2629
1236 0 2629
1240 0 2629
1241 0 2629
1245 0 2629
1248 0 2629
1250 0 2629
1253 0 2629
1257 0 2629
1258 0 2629
1268 0 2629
1269 0 2629
1270 0 2629
1271 0 2629
1282 0 2629
1285 0 2629
1286 0 2629
1287 0 2629
1290 0 2629
1294 0 2629
1295 0 2629
1297 0 2629
1300 0 2629
1301 0 2629
1304 0 2629
1307 0 2629
1310 0 2629
1311 0 2629
1320 0 2629
1321 0 2629
1332 0 2629
1335 0 2629
1336 0 2629
1338 0 2629
1348 0 2629
1350 0 2629
1355 0 2629
1359 0 2629
1360 0 2629
1370 0 2629
1373 0 2629
1375 0 2629
1376 0 2629
1384 0 2629
1402 0 2629
1403 0 2629
1407 0 2629
1419 0 2629
1423 0 2629
1424 0 2629
1425 0 2629
1427 0 2629
1434 0 2629
1436 0 2629
1443 0 2629
1445 0 2629
1451 0 2629
1455 0 2629
1456 0 2629
1457 0 2629
1459 0 2629
1460 0 2629
1462 0 2629
1464 0 2629
1471 0 2629
1473 0 2629
1474 0 2629
1478 0 2629
1479 0 2629
1483 0 2629
1486 0 2629
1488 0 2629
1489 0 2629
1491 0 2629
1493 0 2629
1495 0 2629
1497 0 2629
1498 0 2629
1499 0 2629
1501 0 2629
1503 0 2629
1506 0 2629
1508 0 2629
1510 0 2629
1512 0 2629
1520 0 2629
1524 0 2629
1526 0 2629
1533 0 2629
1536 0 2629
1543 0 2629
1549 0 2629
1556 0 2629
1566 0 2629
1567 0 2629
1568 0 2629
1569 0 2629
1587 0 2629
1588 0 2629
1592 0 2629
1599 0 2629
1604 0 2629
1608 0 2629
1610 0 2629
1613 0 2629
1619 0 2629
1621 0 2629
1625 0 2629
1626 0 2629
1630 0 2629
1632 0 2629
1643 0 2629
1646 0 2629
1648 0 2629
1653 0 2629
1654 0 2629
1655 0 2629
1658 0 2629
1663 0 2629
1667 0 2629
1669 0 2629
1680 0 2629
4 0 2630
10 0 2630
11 0 2630
16 0 2630
23 0 2630
28 0 2630
38 0 2630
54 0 2630
55 0 2630
71 0 2630
75 0 2630
91 0 2630
99 0 2630
119 0 2630
126 0 2630
128 0 2630
129 0 2630
155 0 2630
181 0 2630
186 0 2630
193 0 2630
230 0 2630
238 0 2630
247 0 2630
253 0 2630
272 0 2630
292 0 2630
298 0 2630
301 0 2630
306 0 2630
308 0 2630
311 0 2630
326 0 2630
328 0 2630
331 0 2630
333 0 2630
335 0 2630
345 0 2630
347 0 2630
360 0 2630
395 0 2630
402 0 2630
481 0 2630
503 0 2630
543 0 2630
546 0 2630
575 0 2630
582 0 2630
610 0 2630
627 0 2630
641 0 2630
648 0 2630
652 0 2630
655 0 2630
753 0 2630
769 0 2630
801 0 2630
805 0 2630
822 0 2630
843 0 2630
901 0 2630
910 0 2630
913 0 2630
990 0 2630
1010 0 2630
1063 0 2630
1068 0 2630
1080 0 2630
1082 0 2630
1103 0 2630
1105 0 2630
1121 0 2630
1137 0 2630
1138 0 2630
1142 0 2630
1150 0 2630
1155 0 2630
1186 0 2630
1190 0 2630
1193 0 2630
1197 0 2630
1207 0 2630
1212 0 2630
1225 0 2630
1234 0 2630
1244 0 2630
1276 0 2630
1279 0 2630
1303 0 2630
1389 0 2630
1438 0 2630
1452 0 2630
1461 0 2630
1477 0 2630
1495 0 2630
1504 0 2630
1509 0 2630
1518 0 2630
1533 0 2630
1559 0 2630
1585 0 2630
1597 0 2630
1603 0 2630
1605 0 2630
1609 0 2630
1617 0 2630
1637 0 2630
1646 0 2630
1668 0 2630
31 0 2631
47 0 2631
74 0 2631
114 0 2631
118 0 2631
319 0 2631
359 0 2631
633 0 2631
643 0 2631
644 0 2631
676 0 2631
700 0 2631
756 0 2631
765 0 2631
810 0 2631
812 0 2631
813 0 2631
846 0 2631
849 0 2631
856 0 2631
883 0 2631
953 0 2631
972 0 2631
1021 0 2631
1064 0 2631
1083 0 2631
1127 0 2631
1129 0 2631
1140 0 2631
1141 0 2631
1183 0 2631
1200 0 2631
1231 0 2631
1293 0 2631
1306 0 2631
1317 0 2631
1330 0 2631
1362 0 2631
1365 0 2631
1377 0 2631
1481 0 2631
1496 0 2631
1546 0 2631
1560 0 2631
1561 0 2631
1584 0 2631
1593 0 2631
1628 0 2631
1640 0 2631
1648 0 2631
3 0 2632
4 0 2632
5 0 2632
6 0 2632
7 0 2632
8 0 2632
9 0 2632
13 0 2632
14 0 2632
17 0 2632
18 0 2632
19 0 2632
21 0 2632
22 0 2632
27 0 2632
29 0 2632
30 0 2632
33 0 2632
34 0 2632
35 0 2632
36 0 2632
42 0 2632
43 0 2632
44 0 2632
45 0 2632
46 0 2632
50 0 2632
51 0 2632
53 0 2632
54 0 2632
55 0 2632
56 0 2632
57 0 2632
58 0 2632
59 0 2632
60 0 2632
63 0 2632
64 0 2632
73 0 2632
75 0 2632
76 0 2632
77 0 2632
85 0 2632
86 0 2632
92 0 2632
96 0 2632
97 0 2632
99 0 2632
105 0 2632
106 0 2632
112 0 2632
123 0 2632
124 0 2632
125 0 2632
126 0 2632
128 0 2632
130 0 2632
131 0 2632
132 0 2632
133 0 2632
134 0 2632
135 0 2632
136 0 2632
145 0 2632
148 0 2632
149 0 2632
156 0 2632
159 0 2632
161 0 2632
164 0 2632
165 0 2632
169 0 2632
171 0 2632
177 0 2632
179 0 2632
181 0 2632
186 0 2632
187 0 2632
189 0 2632
190 0 2632
191 0 2632
192 0 2632
195 0 2632
196 0 2632
198 0 2632
204 0 2632
206 0 2632
208 0 2632
211 0 2632
212 0 2632
213 0 2632
214 0 2632
220 0 2632
222 0 2632
223 0 2632
235 0 2632
236 0 2632
238 0 2632
243 0 2632
244 0 2632
245 0 2632
252 0 2632
257 0 2632
261 0 2632
267 0 2632
269 0 2632
271 0 2632
274 0 2632
275 0 2632
276 0 2632
277 0 2632
278 0 2632
279 0 2632
281 0 2632
282 0 2632
284 0 2632
285 0 2632
286 0 2632
288 0 2632
291 0 2632
292 0 2632
295 0 2632
296 0 2632
298 0 2632
302 0 2632
304 0 2632
305 0 2632
307 0 2632
309 0 2632
310 0 2632
311 0 2632
312 0 2632
314 0 2632
315 0 2632
316 0 2632
317 0 2632
324 0 2632
325 0 2632
326 0 2632
328 0 2632
329 0 2632
331 0 2632
336 0 2632
338 0 2632
339 0 2632
343 0 2632
344 0 2632
345 0 2632
346 0 2632
347 0 2632
355 0 2632
356 0 2632
364 0 2632
365 0 2632
369 0 2632
370 0 2632
374 0 2632
377 0 2632
381 0 2632
386 0 2632
391 0 2632
402 0 2632
408 0 2632
415 0 2632
416 0 2632
420 0 2632
422 0 2632
426 0 2632
428 0 2632
453 0 2632
456 0 2632
457 0 2632
458 0 2632
459 0 2632
460 0 2632
461 0 2632
463 0 2632
466 0 2632
467 0 2632
468 0 2632
470 0 2632
474 0 2632
480 0 2632
482 0 2632
491 0 2632
495 0 2632
498 0 2632
502 0 2632
503 0 2632
505 0 2632
506 0 2632
507 0 2632
508 0 2632
509 0 2632
511 0 2632
514 0 2632
516 0 2632
517 0 2632
520 0 2632
521 0 2632
522 0 2632
525 0 2632
526 0 2632
527 0 2632
528 0 2632
530 0 2632
533 0 2632
535 0 2632
536 0 2632
542 0 2632
543 0 2632
548 0 2632
552 0 2632
554 0 2632
556 0 2632
557 0 2632
558 0 2632
560 0 2632
568 0 2632
580 0 2632
581 0 2632
583 0 2632
586 0 2632
590 0 2632
593 0 2632
597 0 2632
605 0 2632
611 0 2632
613 0 2632
616 0 2632
617 0 2632
618 0 2632
619 0 2632
625 0 2632
626 0 2632
627 0 2632
630 0 2632
631 0 2632
632 0 2632
637 0 2632
638 0 2632
639 0 2632
640 0 2632
641 0 2632
642 0 2632
646 0 2632
648 0 2632
649 0 2632
650 0 2632
651 0 2632
654 0 2632
657 0 2632
659 0 2632
661 0 2632
663 0 2632
675 0 2632
677 0 2632
685 0 2632
689 0 2632
691 0 2632
692 0 2632
694 0 2632
695 0 2632
696 0 2632
697 0 2632
698 0 2632
702 0 2632
703 0 2632
706 0 2632
707 0 2632
710 0 2632
711 0 2632
712 0 2632
713 0 2632
714 0 2632
715 0 2632
716 0 2632
719 0 2632
722 0 2632
723 0 2632
725 0 2632
726 0 2632
728 0 2632
729 0 2632
730 0 2632
732 0 2632
734 0 2632
735 0 2632
736 0 2632
739 0 2632
740 0 2632
741 0 2632
743 0 2632
749 0 2632
752 0 2632
761 0 2632
771 0 2632
774 0 2632
775 0 2632
777 0 2632
781 0 2632
783 0 2632
786 0 2632
788 0 2632
793 0 2632
798 0 2632
802 0 2632
805 0 2632
806 0 2632
807 0 2632
808 0 2632
814 0 2632
816 0 2632
821 0 2632
831 0 2632
836 0 2632
839 0 2632
841 0 2632
845 0 2632
846 0 2632
850 0 2632
851 0 2632
854 0 2632
855 0 2632
862 0 2632
864 0 2632
866 0 2632
867 0 2632
873 0 2632
874 0 2632
879 0 2632
881 0 2632
882 0 2632
886 0 2632
887 0 2632
890 0 2632
895 0 2632
897 0 2632
898 0 2632
899 0 2632
902 0 2632
903 0 2632
904 0 2632
905 0 2632
908 0 2632
909 0 2632
910 0 2632
913 0 2632
914 0 2632
916 0 2632
919 0 2632
920 0 2632
922 0 2632
923 0 2632
926 0 2632
927 0 2632
932 0 2632
933 0 2632
934 0 2632
935 0 2632
936 0 2632
938 0 2632
940 0 2632
941 0 2632
943 0 2632
948 0 2632
949 0 2632
952 0 2632
954 0 2632
955 0 2632
957 0 2632
959 0 2632
960 0 2632
961 0 2632
962 0 2632
963 0 2632
966 0 2632
971 0 2632
973 0 2632
978 0 2632
979 0 2632
980 0 2632
984 0 2632
989 0 2632
993 0 2632
1003 0 2632
1004 0 2632
1005 0 2632
1007 0 2632
1008 0 2632
1009 0 2632
1011 0 2632
1014 0 2632
1016 0 2632
1017 0 2632
1020 0 2632
1024 0 2632
1025 0 2632
1038 0 2632
1043 0 2632
1044 0 2632
1049 0 2632
1052 0 2632
1054 0 2632
1057 0 2632
1060 0 2632
1061 0 2632
1062 0 2632
1067 0 2632
1068 0 2632
1073 0 2632
1074 0 2632
1081 0 2632
1084 0 2632
1085 0 2632
1096 0 2632
1098 0 2632
1099 0 2632
1100 0 2632
1102 0 2632
1103 0 2632
1105 0 2632
1106 0 2632
1107 0 2632
1108 0 2632
1110 0 2632
1111 0 2632
1112 0 2632
1114 0 2632
1116 0 2632
1118 0 2632
1120 0 2632
1121 0 2632
1122 0 2632
1125 0 2632
1126 0 2632
1128 0 2632
1131 0 2632
1133 0 2632
1134 0 2632
1135 0 2632
1136 0 2632
1137 0 2632
1143 0 2632
1144 0 2632
1145 0 2632
1146 0 2632
1147 0 2632
1148 0 2632
1149 0 2632
1152 0 2632
1155 0 2632
1157 0 2632
1159 0 2632
1160 0 2632
1162 0 2632
1164 0 2632
1167 0 2632
1168 0 2632
1169 0 2632
1170 0 2632
1172 0 2632
1173 0 2632
1175 0 2632
1185 0 2632
1188 0 2632
1190 0 2632
1191 0 2632
1192 0 2632
1193 0 2632
1194 0 2632
1195 0 2632
1196 0 2632
1199 0 2632
1203 0 2632
1204 0 2632
1207 0 2632
1210 0 2632
1211 0 2632
1212 0 2632
1213 0 2632
1219 0 2632
1220 0 2632
1222 0 2632
1223 0 2632
1225 0 2632
1226 0 2632
1228 0 2632
1230 0 2632
1232 0 2632
1235 0 2632
1236 0 2632
1237 0 2632
1240 0 2632
1251 0 2632
1254 0 2632
1255 0 2632
1256 0 2632
1259 0 2632
1260 0 2632
1262 0 2632
1263 0 2632
1264 0 2632
1265 0 2632
1266 0 2632
1267 0 2632
1271 0 2632
1272 0 2632
1275 0 2632
1277 0 2632
1280 0 2632
1281 0 2632
1283 0 2632
1284 0 2632
1289 0 2632
1294 0 2632
1295 0 2632
1296 0 2632
1298 0 2632
1299 0 2632
1305 0 2632
1307 0 2632
1308 0 2632
1309 0 2632
1310 0 2632
1311 0 2632
1314 0 2632
1315 0 2632
1316 0 2632
1318 0 2632
1319 0 2632
1322 0 2632
1323 0 2632
1324 0 2632
1325 0 2632
1326 0 2632
1327 0 2632
1328 0 2632
1329 0 2632
1331 0 2632
1332 0 2632
1333 0 2632
1334 0 2632
1337 0 2632
1338 0 2632
1340 0 2632
1341 0 2632
1342 0 2632
1343 0 2632
1344 0 2632
1345 0 2632
1346 0 2632
1347 0 2632
1349 0 2632
1351 0 2632
1353 0 2632
1354 0 2632
1358 0 2632
1364 0 2632
1365 0 2632
1367 0 2632
1368 0 2632
1369 0 2632
1374 0 2632
1379 0 2632
1380 0 2632
1381 0 2632
1383 0 2632
1387 0 2632
1388 0 2632
1390 0 2632
1391 0 2632
1394 0 2632
1395 0 2632
1396 0 2632
1397 0 2632
1399 0 2632
1400 0 2632
1401 0 2632
1402 0 2632
1404 0 2632
1405 0 2632
1409 0 2632
1416 0 2632
1417 0 2632
1420 0 2632
1422 0 2632
1423 0 2632
1424 0 2632
1425 0 2632
1426 0 2632
1428 0 2632
1429 0 2632
1431 0 2632
1432 0 2632
1435 0 2632
1437 0 2632
1438 0 2632
1439 0 2632
1440 0 2632
1441 0 2632
1442 0 2632
1444 0 2632
1446 0 2632
1447 0 2632
1448 0 2632
1452 0 2632
1455 0 2632
1456 0 2632
1459 0 2632
1461 0 2632
1463 0 2632
1464 0 2632
1465 0 2632
1466 0 2632
1467 0 2632
1472 0 2632
1474 0 2632
1477 0 2632
1480 0 2632
1482 0 2632
1484 0 2632
1485 0 2632
1487 0 2632
1490 0 2632
1494 0 2632
1504 0 2632
1505 0 2632
1507 0 2632
1511 0 2632
1513 0 2632
1515 0 2632
1516 0 2632
1517 0 2632
1518 0 2632
1523 0 2632
1525 0 2632
1527 0 2632
1529 0 2632
1531 0 2632
1532 0 2632
1534 0 2632
1535 0 2632
1537 0 2632
1538 0 2632
1540 0 2632
1541 0 2632
1542 0 2632
1544 0 2632
1545 0 2632
1550 0 2632
1553 0 2632
1555 0 2632
1556 0 2632
1557 0 2632
1558 0 2632
1560 0 2632
1563 0 2632
1564 0 2632
1565 0 2632
1568 0 2632
1570 0 2632
1571 0 2632
1574 0 2632
1576 0 2632
1577 0 2632
1582 0 2632
1583 0 2632
1585 0 2632
1587 0 2632
1589 0 2632
1590 0 2632
1591 0 2632
1596 0 2632
1598 0 2632
1601 0 2632
1602 0 2632
1606 0 2632
1607 0 2632
1612 0 2632
1613 0 2632
1615 0 2632
1618 0 2632
1622 0 2632
1625 0 2632
1626 0 2632
1627 0 2632
1629 0 2632
1630 0 2632
1632 0 2632
1633 0 2632
1634 0 2632
1635 0 2632
1636 0 2632
1637 0 2632
1638 0 2632
1639 0 2632
1641 0 2632
1642 0 2632
1644 0 2632
1645 0 2632
1646 0 2632
1647 0 2632
1649 0 2632
1650 0 2632
1652 0 2632
1656 0 2632
1657 0 2632
1659 0 2632
1660 0 2632
1661 0 2632
1662 0 2632
1664 0 2632
1665 0 2632
1666 0 2632
1668 0 2632
1670 0 2632
1671 0 2632
1673 0 2632
1674 0 2632
1675 0 2632
1676 0 2632
1677 0 2632
1679 0 2632
1681 0 2632
71 0 2633
140 0 2633
307 0 2633
410 0 2633
422 0 2633
471 0 2633
547 0 2633
557 0 2633
559 0 2633
754 0 2633
819 0 2633
831 0 2633
891 0 2633
950 0 2633
1035 0 2633
1075 0 2633
1132 0 2633
1291 0 2633
1292 0 2633
1335 0 2633
1575 0 2633
1614 0 2633
88 0 2634
298 0 2634
301 0 2634
483 0 2634
487 0 2634
488 0 2634
524 0 2634
610 0 2634
641 0 2634
652 0 2634
653 0 2634
655 0 2634
656 0 2634
672 0 2634
690 0 2634
769 0 2634
822 0 2634
847 0 2634
1063 0 2634
1312 0 2634
1421 0 2634
1475 0 2634
1581 0 2634
1603 0 2634
16 0 2635
83 0 2635
100 0 2635
122 0 2635
182 0 2635
183 0 2635
184 0 2635
199 0 2635
200 0 2635
207 0 2635
216 0 2635
218 0 2635
233 0 2635
287 0 2635
306 0 2635
342 0 2635
350 0 2635
352 0 2635
378 0 2635
395 0 2635
405 0 2635
412 0 2635
423 0 2635
435 0 2635
436 0 2635
437 0 2635
438 0 2635
439 0 2635
440 0 2635
441 0 2635
442 0 2635
443 0 2635
444 0 2635
445 0 2635
446 0 2635
447 0 2635
451 0 2635
452 0 2635
550 0 2635
558 0 2635
560 0 2635
562 0 2635
563 0 2635
564 0 2635
566 0 2635
568 0 2635
572 0 2635
589 0 2635
615 0 2635
634 0 2635
636 0 2635
664 0 2635
665 0 2635
666 0 2635
667 0 2635
668 0 2635
669 0 2635
670 0 2635
671 0 2635
673 0 2635
674 0 2635
680 0 2635
681 0 2635
705 0 2635
766 0 2635
773 0 2635
776 0 2635
783 0 2635
787 0 2635
799 0 2635
815 0 2635
833 0 2635
838 0 2635
852 0 2635
853 0 2635
857 0 2635
858 0 2635
859 0 2635
860 0 2635
884 0 2635
894 0 2635
927 0 2635
1051 0 2635
1055 0 2635
1156 0 2635
1198 0 2635
1242 0 2635
1370 0 2635
1476 0 2635
1519 0 2635
1572 0 2635
1624 0 2635
20 0 2636
70 0 2636
90 0 2636
94 0 2636
98 0 2636
102 0 2636
131 0 2636
141 0 2636
142 0 2636
154 0 2636
185 0 2636
208 0 2636
213 0 2636
288 0 2636
318 0 2636
351 0 2636
361 0 2636
417 0 2636
418 0 2636
419 0 2636
431 0 2636
450 0 2636
472 0 2636
484 0 2636
500 0 2636
537 0 2636
541 0 2636
542 0 2636
556 0 2636
587 0 2636
595 0 2636
601 0 2636
604 0 2636
609 0 2636
623 0 2636
628 0 2636
629 0 2636
704 0 2636
834 0 2636
964 0 2636
967 0 2636
988 0 2636
992 0 2636
1036 0 2636
1078 0 2636
1090 0 2636
1109 0 2636
1120 0 2636
1134 0 2636
1152 0 2636
1202 0 2636
1277 0 2636
1285 0 2636
1297 0 2636
1457 0 2636
1458 0 2636
123 0 2637
134 0 2637
158 0 2637
190 0 2637
259 0 2637
290 0 2637
301 0 2637
306 0 2637
311 0 2637
321 0 2637
323 0 2637
326 0 2637
327 0 2637
332 0 2637
333 0 2637
341 0 2637
349 0 2637
355 0 2637
393 0 2637
404 0 2637
478 0 2637
483 0 2637
492 0 2637
504 0 2637
512 0 2637
524 0 2637
532 0 2637
573 0 2637
586 0 2637
591 0 2637
602 0 2637
607 0 2637
610 0 2637
653 0 2637
658 0 2637
681 0 2637
768 0 2637
769 0 2637
804 0 2637
808 0 2637
829 0 2637
854 0 2637
877 0 2637
901 0 2637
913 0 2637
944 0 2637
977 0 2637
1002 0 2637
1019 0 2637
1041 0 2637
1100 0 2637
1128 0 2637
1158 0 2637
1211 0 2637
1283 0 2637
1312 0 2637
1443 0 2637
1451 0 2637
1552 0 2637
1580 0 2637
1668 0 2637
13 0 2638
15 0 2638
19 0 2638
32 0 2638
35 0 2638
48 0 2638
49 0 2638
50 0 2638
54 0 2638
65 0 2638
67 0 2638
68 0 2638
69 0 2638
80 0 2638
82 0 2638
87 0 2638
89 0 2638
91 0 2638
110 0 2638
124 0 2638
128 0 2638
130 0 2638
132 0 2638
154 0 2638
160 0 2638
169 0 2638
171 0 2638
172 0 2638
180 0 2638
184 0 2638
196 0 2638
201 0 2638
206 0 2638
212 0 2638
215 0 2638
216 0 2638
219 0 2638
236 0 2638
240 0 2638
245 0 2638
252 0 2638
254 0 2638
255 0 2638
267 0 2638
273 0 2638
274 0 2638
275 0 2638
277 0 2638
279 0 2638
282 0 2638
283 0 2638
285 0 2638
305 0 2638
310 0 2638
312 0 2638
318 0 2638
327 0 2638
353 0 2638
370 0 2638
380 0 2638
384 0 2638
393 0 2638
401 0 2638
410 0 2638
420 0 2638
450 0 2638
461 0 2638
464 0 2638
477 0 2638
482 0 2638
484 0 2638
485 0 2638
486 0 2638
488 0 2638
489 0 2638
497 0 2638
511 0 2638
513 0 2638
516 0 2638
530 0 2638
531 0 2638
534 0 2638
541 0 2638
543 0 2638
544 0 2638
548 0 2638
552 0 2638
559 0 2638
567 0 2638
573 0 2638
579 0 2638
581 0 2638
593 0 2638
601 0 2638
606 0 2638
607 0 2638
630 0 2638
642 0 2638
647 0 2638
661 0 2638
691 0 2638
693 0 2638
701 0 2638
703 0 2638
704 0 2638
708 0 2638
713 0 2638
715 0 2638
719 0 2638
723 0 2638
726 0 2638
729 0 2638
730 0 2638
731 0 2638
732 0 2638
735 0 2638
737 0 2638
738 0 2638
739 0 2638
746 0 2638
747 0 2638
748 0 2638
750 0 2638
763 0 2638
764 0 2638
774 0 2638
777 0 2638
780 0 2638
782 0 2638
784 0 2638
785 0 2638
793 0 2638
795 0 2638
814 0 2638
820 0 2638
834 0 2638
835 0 2638
845 0 2638
848 0 2638
854 0 2638
865 0 2638
868 0 2638
869 0 2638
871 0 2638
872 0 2638
874 0 2638
876 0 2638
885 0 2638
888 0 2638
902 0 2638
904 0 2638
905 0 2638
917 0 2638
920 0 2638
935 0 2638
937 0 2638
944 0 2638
946 0 2638
947 0 2638
948 0 2638
954 0 2638
965 0 2638
987 0 2638
989 0 2638
1023 0 2638
1027 0 2638
1036 0 2638
1039 0 2638
1040 0 2638
1047 0 2638
1049 0 2638
1071 0 2638
1084 0 2638
1088 0 2638
1095 0 2638
1099 0 2638
1101 0 2638
1114 0 2638
1118 0 2638
1123 0 2638
1128 0 2638
1131 0 2638
1136 0 2638
1151 0 2638
1154 0 2638
1159 0 2638
1172 0 2638
1174 0 2638
1189 0 2638
1202 0 2638
1210 0 2638
1211 0 2638
1215 0 2638
1218 0 2638
1238 0 2638
1257 0 2638
1258 0 2638
1261 0 2638
1268 0 2638
1285 0 2638
1288 0 2638
1289 0 2638
1296 0 2638
1298 0 2638
1299 0 2638
1314 0 2638
1339 0 2638
1352 0 2638
1356 0 2638
1376 0 2638
1378 0 2638
1384 0 2638
1386 0 2638
1393 0 2638
1399 0 2638
1405 0 2638
1423 0 2638
1428 0 2638
1433 0 2638
1435 0 2638
1440 0 2638
1449 0 2638
1457 0 2638
1461 0 2638
1473 0 2638
1482 0 2638
1484 0 2638
1486 0 2638
1492 0 2638
1501 0 2638
1514 0 2638
1520 0 2638
1524 0 2638
1525 0 2638
1544 0 2638
1562 0 2638
1567 0 2638
1579 0 2638
1609 0 2638
1611 0 2638
1616 0 2638
1651 0 2638
1654 0 2638
1655 0 2638
1661 0 2638
1678 0 2638
1679 0 2638
6 0 2639
37 0 2639
38 0 2639
49 0 2639
61 0 2639
81 0 2639
83 0 2639
88 0 2639
95 0 2639
100 0 2639
108 0 2639
120 0 2639
134 0 2639
140 0 2639
144 0 2639
151 0 2639
163 0 2639
170 0 2639
171 0 2639
174 0 2639
175 0 2639
178 0 2639
180 0 2639
182 0 2639
183 0 2639
194 0 2639
203 0 2639
205 0 2639
221 0 2639
226 0 2639
227 0 2639
228 0 2639
229 0 2639
234 0 2639
238 0 2639
249 0 2639
251 0 2639
256 0 2639
257 0 2639
259 0 2639
263 0 2639
269 0 2639
270 0 2639
297 0 2639
342 0 2639
352 0 2639
354 0 2639
357 0 2639
372 0 2639
379 0 2639
397 0 2639
410 0 2639
422 0 2639
425 0 2639
428 0 2639
433 0 2639
443 0 2639
448 0 2639
449 0 2639
473 0 2639
551 0 2639
559 0 2639
572 0 2639
576 0 2639
577 0 2639
589 0 2639
615 0 2639
635 0 2639
664 0 2639
669 0 2639
690 0 2639
727 0 2639
754 0 2639
757 0 2639
759 0 2639
768 0 2639
770 0 2639
796 0 2639
824 0 2639
830 0 2639
896 0 2639
915 0 2639
918 0 2639
924 0 2639
930 0 2639
975 0 2639
1005 0 2639
1109 0 2639
1153 0 2639
1158 0 2639
1209 0 2639
1214 0 2639
1239 0 2639
1273 0 2639
1292 0 2639
1385 0 2639
1410 0 2639
1415 0 2639
1418 0 2639
1471 0 2639
1595 0 2639
1 0 2640
2 0 2640
4 0 2640
10 0 2640
11 0 2640
16 0 2640
20 0 2640
22 0 2640
27 0 2640
30 0 2640
32 0 2640
37 0 2640
42 0 2640
43 0 2640
52 0 2640
53 0 2640
54 0 2640
67 0 2640
76 0 2640
78 0 2640
89 0 2640
95 0 2640
97 0 2640
99 0 2640
105 0 2640
116 0 2640
117 0 2640
127 0 2640
128 0 2640
134 0 2640
143 0 2640
144 0 2640
146 0 2640
155 0 2640
158 0 2640
163 0 2640
175 0 2640
182 0 2640
184 0 2640
194 0 2640
197 0 2640
205 0 2640
217 0 2640
222 0 2640
225 0 2640
243 0 2640
244 0 2640
251 0 2640
259 0 2640
263 0 2640
264 0 2640
269 0 2640
272 0 2640
280 0 2640
287 0 2640
290 0 2640
294 0 2640
297 0 2640
299 0 2640
301 0 2640
306 0 2640
310 0 2640
314 0 2640
321 0 2640
322 0 2640
324 0 2640
327 0 2640
328 0 2640
330 0 2640
331 0 2640
332 0 2640
335 0 2640
336 0 2640
347 0 2640
348 0 2640
349 0 2640
354 0 2640
355 0 2640
357 0 2640
358 0 2640
360 0 2640
369 0 2640
401 0 2640
405 0 2640
407 0 2640
425 0 2640
465 0 2640
478 0 2640
479 0 2640
488 0 2640
489 0 2640
504 0 2640
512 0 2640
545 0 2640
549 0 2640
557 0 2640
564 0 2640
565 0 2640
567 0 2640
570 0 2640
571 0 2640
572 0 2640
573 0 2640
580 0 2640
582 0 2640
590 0 2640
591 0 2640
594 0 2640
596 0 2640
602 0 2640
606 0 2640
607 0 2640
614 0 2640
618 0 2640
635 0 2640
648 0 2640
652 0 2640
653 0 2640
655 0 2640
656 0 2640
658 0 2640
664 0 2640
669 0 2640
672 0 2640
677 0 2640
681 0 2640
683 0 2640
684 0 2640
688 0 2640
690 0 2640
695 0 2640
716 0 2640
740 0 2640
741 0 2640
742 0 2640
747 0 2640
750 0 2640
751 0 2640
753 0 2640
757 0 2640
760 0 2640
769 0 2640
770 0 2640
772 0 2640
787 0 2640
799 0 2640
801 0 2640
822 0 2640
824 0 2640
826 0 2640
829 0 2640
830 0 2640
833 0 2640
838 0 2640
840 0 2640
847 0 2640
851 0 2640
854 0 2640
859 0 2640
878 0 2640
885 0 2640
894 0 2640
901 0 2640
911 0 2640
913 0 2640
915 0 2640
916 0 2640
924 0 2640
929 0 2640
930 0 2640
938 0 2640
942 0 2640
944 0 2640
962 0 2640
973 0 2640
974 0 2640
975 0 2640
977 0 2640
978 0 2640
981 0 2640
982 0 2640
983 0 2640
985 0 2640
986 0 2640
991 0 2640
1012 0 2640
1015 0 2640
1018 0 2640
1019 0 2640
1024 0 2640
1037 0 2640
1041 0 2640
1045 0 2640
1068 0 2640
1072 0 2640
1076 0 2640
1082 0 2640
1088 0 2640
1089 0 2640
1104 0 2640
1108 0 2640
1124 0 2640
1130 0 2640
1138 0 2640
1142 0 2640
1173 0 2640
1197 0 2640
1206 0 2640
1207 0 2640
1209 0 2640
1212 0 2640
1216 0 2640
1228 0 2640
1247 0 2640
1252 0 2640
1272 0 2640
1273 0 2640
1274 0 2640
1312 0 2640
1313 0 2640
1323 0 2640
1369 0 2640
1392 0 2640
1398 0 2640
1421 0 2640
1430 0 2640
1450 0 2640
1470 0 2640
1476 0 2640
1490 0 2640
1507 0 2640
1521 0 2640
1525 0 2640
1547 0 2640
1548 0 2640
1552 0 2640
1555 0 2640
1558 0 2640
1578 0 2640
1594 0 2640
1595 0 2640
1597 0 2640
1600 0 2640
1603 0 2640
1620 0 2640
1623 0 2640
1624 0 2640
1650 0 2640
1669 0 2640
1672 0 2640
1678 0 2640
9 0 2641
21 0 2641
30 0 2641
49 0 2641
50 0 2641
68 0 2641
79 0 2641
109 0 2641
120 0 2641
132 0 2641
156 0 2641
171 0 2641
175 0 2641
179 0 2641
180 0 2641
187 0 2641
189 0 2641
198 0 2641
204 0 2641
210 0 2641
213 0 2641
234 0 2641
240 0 2641
244 0 2641
270 0 2641
285 0 2641
317 0 2641
325 0 2641
425 0 2641
429 0 2641
470 0 2641
473 0 2641
482 0 2641
497 0 2641
501 0 2641
510 0 2641
514 0 2641
519 0 2641
520 0 2641
527 0 2641
548 0 2641
592 0 2641
600 0 2641
630 0 2641
640 0 2641
646 0 2641
650 0 2641
686 0 2641
689 0 2641
718 0 2641
743 0 2641
802 0 2641
878 0 2641
890 0 2641
934 0 2641
943 0 2641
970 0 2641
1064 0 2641
1123 0 2641
1151 0 2641
1175 0 2641
1184 0 2641
1203 0 2641
1356 0 2641
1422 0 2641
1484 0 2641
1500 0 2641
1528 0 2641
1573 0 2641
1631 0 2641
1662 0 2641
50 0 2642
72 0 2642
96 0 2642
176 0 2642
202 0 2642
231 0 2642
414 0 2642
434 0 2642
469 0 2642
509 0 2642
555 0 2642
561 0 2642
569 0 2642
574 0 2642
588 0 2642
620 0 2642
645 0 2642
660 0 2642
839 0 2642
921 0 2642
999 0 2642
1003 0 2642
1187 0 2642
1246 0 2642
1453 0 2642
1454 0 2642
1586 0 2642
312 3 2734
419 3 2909
553 3 2787
253 3 2759
322 3 2874
750 3 2875
1088 3 2740
494 3 2707
95 3 2734
384 3 2734
596 3 2685
28 3 2759
270 3 2835
992 3 2673
417 3 2783
1238 3 2851
256 3 2662
549 3 2765
525 3 2911
257 3 2872
677 3 2814
678 3 2766
117 3 2740
299 3 2924
1320 3 2751
390 3 2765
404 3 2674
230 3 2909
297 3 2772
1015 3 2890
891 3 2796
819 3 2757
327 3 2855
915 3 2897
234 3 2909
826 3 2864
120 3 2877
719 3 2749
354 3 2661
21 3 2808
741 3 2879
225 3 2851
568 3 2820
689 3 2743
797 3 2759
348 3 2815
539 3 2780
27 3 2879
575 3 2851
545 3 2772
914 3 2820
1593 3 2659
81 3 2904
569 3 2793
565 3 2846
1 3 2804
848 3 2917
861 3 2676
150 3 2774
1227 3 2717
342 3 2744
916 3 2729
56 3 2887
259 3 2836
471 3 2864
68 3 2872
541 3 2817
258 3 2885
767 3 2671
30 3 2917
42 3 2661
917 3 2671
684 3 2905
288 3 2644
929 3 2653
985 3 2867
537 3 2716
692 3 2805
626 3 2787
236 3 2678
315 3 2738
558 3 2824
768 3 2708
53 3 2924
290 3 2686
325 3 2862
387 3 2762
119 3 2652
1216 3 2855
830 3 2760
1178 3 2896
338 3 2687
758 3 2699
1206 3 2922
209 3 2904
989 3 2758
369 3 2895
254 3 2830
221 3 2777
470 3 2701
293 3 2916
1012 3 2800
283 3 2880
694 3 2750
1046 3 2730
457 3 2829
352 3 2898
983 3 2722
627 3 2661
403 3 2663
764 3 2850
397 3 2657
250 3 2839
1285 3 2839
357 3 2801
266 3 2741
749 3 2904
794 3 2698
943 3 2838
695 3 2729
374 3 2835
1207 3 2660
1138 3 2732
104 3 2778
379 3 2690
618 3 2810
923 3 2862
1037 3 2746
910 3 2679
294 3 2779
1135 3 2865
269 3 2655
402 3 2797
448 3 2871
217 3 2805
672 3 2805
301 3 2688
300 3 2709
551 3 2874
292 3 2819
1412 3 2902
311 3 2686
1614 3 2881
243 3 2664
1130 3 2667
180 3 2860
124 3 2775
831 3 2828
988 3 2802
179 3 2705
14 3 2896
3 3 2662
0 3 2763
567 3 2740
363 3 2901
10 3 2691
50 3 2701
7 3 2682
449 3 2923
889 3 2767
446 3 2790
1209 3 2672
828 3 2786
650 3 2701
648 3 2888
94 3 2878
143 3 2765
796 3 2841
88 3 2862
548 3 2812
899 3 2805
226 3 2826
331 3 2715
690 3 2647
1418 3 2654
984 3 2668
111 3 2645
392 3 2681
317 3 2904
469 3 2722
181 3 2805
1263 3 2901
875 3 2673
880 3 2673
351 3 2669
409 3 2670
777 3 2747
981 3 2863
743 3 2824
820 3 2853
1109 3 2848
229 3 2795
894 3 2921
26 3 2811
286 3 2748
401 3 2749
526 3 2852
986 3 2794
735 3 2852
1273 3 2711
863 3 2844
173 3 2904
451 3 2745
540 3 2836
765 3 2661
1277 3 2727
4 3 2773
913 3 2764
973 3 2769
714 3 2728
184 3 2649
16 3 2869
715 3 2754
791 3 2925
344 3 2925
318 3 2925
96 3 2785
287 3 2921
203 3 2872
129 3 2866
228 3 2795
248 3 2742
190 3 2821
406 3 2861
191 3 2805
46 3 2909
1038 3 2783
276 3 2926
175 3 2734
484 3 2720
681 3 2752
1584 3 2837
274 3 2656
195 3 2845
215 3 2865
734 3 2776
430 3 2882
262 3 2784
93 3 2681
160 3 2917
166 3 2731
698 3 2726
346 3 2661
941 3 2675
326 3 2739
510 3 2693
247 3 2719
339 3 2834
174 3 2907
543 3 2715
201 3 2730
202 3 2686
738 3 2714
1034 3 2775
806 3 2770
544 3 2921
405 3 2914
792 3 2891
1529 3 2737
366 3 2651
231 3 2683
928 3 2677
395 3 2771
1113 3 2832
91 3 2917
159 3 2736
673 3 2833
905 3 2726
233 3 2904
66 3 2916
1525 3 2845
239 3 2818
345 3 2847
204 3 2710
334 3 2799
817 3 2891
340 3 2889
49 3 2721
8 3 2910
183 3 2884
64 3 2792
134 3 2893
422 3 2904
271 3 2728
1300 3 2733
762 3 2697
1090 3 2694
871 3 2908
1459 3 2756
582 3 2843
324 3 2831
100 3 2725
9 3 2859
182 3 2862
1276 3 2704
189 3 2783
1410 3 2876
55 3 2847
654 3 2865
82 3 2783
907 3 2906
1188 3 2900
879 3 2724
32 3 2869
1097 3 2695
1233 3 2648
1653 3 2648
958 3 2858
720 3 2788
450 3 2849
156 3 2829
434 3 2723
418 3 2870
635 3 2760
1428 3 2840
1679 3 2840
563 3 2883
282 3 2753
530 3 2886
359 3 2735
661 3 2745
140 3 2856
886 3 2782
833 3 2755
123 3 2768
858 3 2712
1415 3 2761
557 3 2842
1066 3 2920
1082 3 2789
222 3 2665
69 3 2819
128 3 2798
356 3 2821
912 3 2857
615 3 2718
513 3 2925
275 3 2816
2 3 2650
1006 3 2684
1433 3 2894
1102 3 2696
132 3 2918
1217 3 2704
805 3 2646
1047 3 2700
200 3 2884
1324 3 2702
495 3 2706
474 3 2689
498 3 2854
260 3 2680
531 3 2822
279 3 2809
1663 3 2915
1009 3 2781
843 3 2806
481 3 2666
207 3 2807
296 3 2919
302 3 2919
704 3 2892
844 3 2913
536 3 2728
954 3 2858
1133 3 2891
431 3 2692
151 3 2925
426 3 2868
1395 3 2877
501 3 2925
473 3 2893
135 3 2706
771 3 2791
607 3 2649
45 3 2658
942 3 2873
98 3 2692
1016 3 2899
606 3 2649
707 3 2903
155 3 2847
482 3 2813
22 3 2805
1261 3 2827
92 3 2912
961 3 2919
660 3 2713
47 3 2900
1202 3 2803
1394 3 2823
1606 3 2823
167 3 2907
177 3 2889
603 3 2706
245 3 2788
267 3 2788
1378 3 2703
149 3 2699
41 3 2788
261 3 2825
312 4 3098
419 4 3146
553 4 3196
253 4 3060
322 4 3103
750 4 3251
1088 4 2941
494 4 3171
95 4 3316
384 4 3130
596 4 3208
28 4 3091
270 4 3072
992 4 3326
417 4 3144
1238 4 2967
256 4 3062
549 4 3194
525 4 3180
257 4 3063
677 4 3226
678 4 3227
117 4 2955
299 4 3093
1320 4 2979
390 4 3132
404 4 3140
230 4 3048
297 4 3090
1015 4 2930
891 4 3289
819 4 3268
327 4 3107
915 4 3300
234 4 3051
826 4 3270
120 4 2964
719 4 3243
354 4 3121
21 4 3046
741 4 3248
225 4 3043
568 4 3202
689 4 3231
797 4 3264
348 4 3118
539 4 3186
27 4 3084
575 4 3205
545 4 3191
914 4 3299
1593 4 3005
81 4 3272
569 4 3204
565 4 3200
1 4 3092
848 4 3279
861 4 3281
150 4 2998
1227 4 2965
342 4 3114
916 4 3301
56 4 3206
259 4 3065
471 4 3163
68 4 3237
541 4 3188
258 4 3064
767 4 3256
30 4 3102
42 4 3153
917 4 3302
684 4 3230
288 4 3083
929 4 3306
985 4 3322
537 4 3185
692 4 3233
626 4 3215
236 4 3052
315 4 3099
558 4 3198
768 4 3257
53 4 3193
290 4 3085
325 4 3105
387 4 3131
119 4 2960
1216 4 2962
830 4 3273
1178 4 2953
338 4 3110
758 4 3252
1206 4 2958
209 4 3038
989 4 3325
369 4 3127
254 4 3061
221 4 3041
470 4 3162
293 4 3087
1012 4 2929
283 4 3080
694 4 3234
1046 4 2936
457 4 3159
352 4 3120
983 4 3320
627 4 3216
403 4 3139
764 4 3254
397 4 3135
250 4 3059
1285 4 2975
357 4 3123
266 4 3069
749 4 3250
794 4 3262
943 4 3310
695 4 3235
374 4 3128
1207 4 2959
1138 4 2952
104 4 2938
379 4 3129
618 4 3214
923 4 3303
1037 4 2934
910 4 3296
294 4 3088
1135 4 2951
269 4 3071
402 4 3138
448 4 3155
217 4 3040
672 4 3224
301 4 3095
300 4 3094
551 4 3195
292 4 3086
1412 4 2988
311 4 3097
1614 4 3009
243 4 3055
1130 4 2949
180 4 3022
124 4 2969
831 4 3274
988 4 3324
179 4 3021
14 4 3006
3 4 3174
0 4 3031
567 4 3201
363 4 3125
10 4 2956
50 4 3179
7 4 3292
449 4 3156
889 4 3288
446 4 3154
1209 4 2961
828 4 3271
650 4 3219
648 4 3218
94 4 3314
143 4 2994
796 4 3263
88 4 3291
548 4 3192
899 4 3293
226 4 3044
331 4 3108
690 4 3232
1418 4 2990
984 4 3321
111 4 2948
392 4 3133
317 4 3100
469 4 3161
181 4 3023
1263 4 2971
875 4 3284
880 4 3286
351 4 3119
409 4 3143
777 4 3259
981 4 3319
743 4 3249
820 4 3269
1109 4 2946
229 4 3047
894 4 3290
26 4 3077
286 4 3081
401 4 3137
526 4 3181
986 4 3323
735 4 3246
1273 4 2972
863 4 3282
173 4 3016
451 4 3158
540 4 3187
765 4 3255
1277 4 2974
4 4 3209
913 4 3298
973 4 3317
714 4 3241
184 4 3026
16 4 3020
715 4 3242
791 4 3260
344 4 3115
318 4 3101
96 4 3318
287 4 3082
203 4 3035
129 4 2978
228 4 3045
248 4 3058
190 4 3028
406 4 3142
191 4 3029
46 4 3166
1038 4 2935
276 4 3076
175 4 3018
484 4 3169
681 4 3229
1584 4 3004
274 4 3074
195 4 3030
215 4 3039
734 4 3245
430 4 3150
262 4 3068
93 4 3311
160 4 3010
166 4 3013
698 4 3236
346 4 3117
941 4 3308
326 4 3106
510 4 3177
247 4 3057
339 4 3112
174 4 3017
543 4 3189
201 4 3033
202 4 3034
738 4 3247
1034 4 2933
806 4 3266
544 4 3190
405 4 3141
792 4 3261
1529 4 3001
366 4 3126
231 4 3049
928 4 3304
395 4 3134
1113 4 2947
91 4 3305
159 4 3008
673 4 3225
905 4 3294
233 4 3050
66 4 3228
1525 4 2999
239 4 3054
345 4 3116
204 4 3036
334 4 3109
817 4 3267
340 4 3113
49 4 3176
8 4 3328
183 4 3025
64 4 3221
134 4 2982
422 4 3147
271 4 3073
1300 4 2977
762 4 3253
1090 4 2942
871 4 3283
1459 4 2995
582 4 3207
324 4 3104
100 4 2932
9 4 2944
182 4 3024
1276 4 2973
189 4 3027
1410 4 2987
55 4 3203
654 4 3220
82 4 3276
907 4 3295
1188 4 2954
879 4 3285
32 4 3111
1097 4 2943
1233 4 2966
1653 4 3011
958 4 3313
720 4 3244
450 4 3157
156 4 3003
434 4 3152
418 4 3145
635 4 3217
1428 4 2992
1679 4 3014
563 4 3199
282 4 3079
530 4 3182
359 4 3124
661 4 3223
140 4 2991
886 4 3287
833 4 3275
123 4 2968
858 4 3280
1415 4 2989
557 4 3197
1066 4 2939
1082 4 2940
222 4 3042
69 4 3240
128 4 2976
356 4 3122
912 4 3297
615 4 3213
513 4 3178
275 4 3075
2 4 3136
1006 4 2927
1433 4 2993
1102 4 2945
132 4 2981
1217 4 2963
805 4 3265
1047 4 2937
200 4 3032
1324 4 2980
495 4 3172
474 4 3165
498 4 3173
260 4 3066
531 4 3183
279 4 3078
1663 4 3012
1009 4 2928
843 4 3277
481 4 3167
207 4 3037
296 4 3089
302 4 3096
704 4 3238
844 4 3278
536 4 3184
954 4 3312
1133 4 2950
431 4 3151
151 4 3000
426 4 3148
1395 4 2986
501 4 3175
473 4 3164
135 4 2983
771 4 3258
607 4 3212
45 4 3160
942 4 3309
98 4 3327
1016 4 2931
606 4 3211
707 4 3239
155 4 3002
482 4 3168
22 4 3053
1261 4 2970
1513 4 2997
92 4 3307
961 4 3315
660 4 3222
47 4 3170
1202 4 2957
1394 4 2985
1606 4 3007
167 4 3015
177 4 3019
603 4 3210
245 4 3056
267 4 3070
1378 4 2984
149 4 2996
41 4 3149
261 4 3067
3062 5 3051
3194 5 3043
3132 5 3324
3043 5 2994
3231 5 3005
3204 5 3161
3233 5 3198
3052 5 3234
3038 5 3123
3041 5 3129
3234 5 3262
3155 5 3156
2990 5 3187
3023 5 3189
3119 5 3298
3259 5 3276
3077 5 3017
3158 5 3050
3035 5 3236
3057 5 2993
2944 5 3027
312 6 3342
419 6 3342
553 6 3347
253 6 3336
322 6 3338
750 6 3338
1088 6 3345
494 6 3329
95 6 3366
384 6 3353
596 6 3368
28 6 3336
270 6 3358
992 6 3331
417 6 3340
1238 6 3368
256 6 3347
549 6 3333
525 6 3329
257 6 3343
677 6 3338
678 6 3331
117 6 3332
299 6 3353
1320 6 3361
390 6 3334
404 6 3338
230 6 3336
297 6 3353
1015 6 3333
891 6 3332
819 6 3356
327 6 3355
915 6 3351
234 6 3338
826 6 3366
120 6 3358
719 6 3352
354 6 3366
21 6 3340
741 6 3330
225 6 3358
568 6 3335
689 6 3368
797 6 3330
348 6 3348
539 6 3363
27 6 3357
575 6 3357
545 6 3358
914 6 3352
1593 6 3368
81 6 3340
569 6 3368
565 6 3344
1 6 3363
848 6 3348
861 6 3347
150 6 3350
1227 6 3363
342 6 3358
916 6 3344
56 6 3357
259 6 3351
471 6 3361
68 6 3364
541 6 3340
258 6 3331
767 6 3350
30 6 3337
42 6 3345
917 6 3349
684 6 3353
288 6 3365
929 6 3351
985 6 3358
537 6 3352
692 6 3329
626 6 3340
236 6 3349
315 6 3347
558 6 3357
768 6 3336
53 6 3337
290 6 3363
325 6 3360
387 6 3347
119 6 3348
1216 6 3330
830 6 3364
1178 6 3358
338 6 3355
758 6 3368
1206 6 3363
209 6 3349
989 6 3360
369 6 3339
254 6 3360
221 6 3348
470 6 3353
293 6 3349
1012 6 3351
283 6 3365
694 6 3349
1046 6 3349
457 6 3337
352 6 3366
983 6 3348
627 6 3363
403 6 3331
764 6 3343
397 6 3351
250 6 3365
1285 6 3365
357 6 3349
266 6 3348
749 6 3347
794 6 3346
943 6 3336
695 6 3330
374 6 3365
1207 6 3367
1138 6 3337
104 6 3348
379 6 3348
618 6 3357
923 6 3334
1037 6 3330
910 6 3357
294 6 3348
1135 6 3350
269 6 3351
402 6 3336
448 6 3337
217 6 3333
672 6 3333
301 6 3363
300 6 3339
551 6 3364
292 6 3344
1412 6 3356
311 6 3329
1614 6 3350
243 6 3331
1130 6 3334
180 6 3368
124 6 3355
831 6 3362
988 6 3365
179 6 3358
14 6 3354
3 6 3333
0 6 3354
567 6 3348
363 6 3361
10 6 3333
50 6 3359
7 6 3336
449 6 3337
889 6 3364
446 6 3362
1209 6 3333
828 6 3333
650 6 3353
648 6 3363
94 6 3352
143 6 3358
796 6 3330
88 6 3330
548 6 3336
899 6 3368
226 6 3337
331 6 3340
690 6 3360
1418 6 3364
984 6 3329
111 6 3352
392 6 3349
317 6 3339
469 6 3368
181 6 3363
1263 6 3346
875 6 3363
880 6 3363
351 6 3337
409 6 3364
777 6 3332
981 6 3348
743 6 3353
820 6 3346
1109 6 3351
229 6 3347
894 6 3363
26 6 3367
286 6 3341
401 6 3333
526 6 3354
986 6 3357
735 6 3362
1273 6 3347
863 6 3330
173 6 3362
451 6 3366
540 6 3364
765 6 3337
1277 6 3354
4 6 3330
913 6 3332
973 6 3339
714 6 3341
184 6 3349
16 6 3364
715 6 3339
791 6 3342
344 6 3330
318 6 3341
96 6 3353
287 6 3334
203 6 3364
129 6 3365
228 6 3337
248 6 3364
190 6 3365
406 6 3358
191 6 3348
46 6 3345
1038 6 3359
276 6 3360
175 6 3358
484 6 3339
681 6 3348
1584 6 3364
274 6 3329
195 6 3340
215 6 3341
734 6 3337
430 6 3336
262 6 3368
93 6 3364
160 6 3353
166 6 3341
698 6 3349
346 6 3337
941 6 3341
326 6 3333
510 6 3358
247 6 3357
339 6 3342
174 6 3367
543 6 3363
201 6 3343
202 6 3336
738 6 3333
1034 6 3356
806 6 3355
544 6 3357
405 6 3351
792 6 3365
1529 6 3352
366 6 3332
231 6 3363
928 6 3356
395 6 3337
1113 6 3341
91 6 3344
159 6 3329
673 6 3361
905 6 3352
233 6 3366
66 6 3366
1525 6 3336
239 6 3351
345 6 3367
204 6 3358
334 6 3332
817 6 3342
340 6 3357
49 6 3336
8 6 3365
183 6 3351
64 6 3355
134 6 3337
422 6 3331
271 6 3367
1300 6 3353
762 6 3365
1090 6 3361
871 6 3342
1459 6 3346
582 6 3344
324 6 3359
100 6 3360
9 6 3355
182 6 3347
1276 6 3366
189 6 3339
1410 6 3335
55 6 3348
654 6 3359
82 6 3332
907 6 3359
1188 6 3346
879 6 3342
32 6 3330
1097 6 3342
1233 6 3344
1653 6 3344
958 6 3367
720 6 3341
450 6 3332
156 6 3353
434 6 3347
418 6 3342
635 6 3358
1428 6 3365
1679 6 3365
563 6 3344
282 6 3354
530 6 3335
359 6 3333
661 6 3350
140 6 3366
886 6 3342
833 6 3332
123 6 3330
858 6 3334
1415 6 3330
557 6 3365
1066 6 3332
1082 6 3363
222 6 3362
69 6 3341
128 6 3366
356 6 3330
912 6 3346
615 6 3334
513 6 3335
275 6 3344
2 6 3334
1006 6 3351
1433 6 3349
1102 6 3354
132 6 3341
1217 6 3359
805 6 3351
1047 6 3332
200 6 3334
1324 6 3332
495 6 3333
474 6 3344
498 6 3344
260 6 3346
531 6 3331
279 6 3365
1663 6 3367
1009 6 3342
843 6 3364
481 6 3354
207 6 3361
296 6 3359
302 6 3359
704 6 3342
844 6 3345
536 6 3350
954 6 3339
1133 6 3348
431 6 3365
151 6 3345
426 6 3349
1395 6 3345
501 6 3359
473 6 3358
135 6 3347
771 6 3332
607 6 3347
45 6 3332
942 6 3367
98 6 3340
1016 6 3351
606 6 3341
707 6 3360
155 6 3333
482 6 3360
22 6 3353
1261 6 3340
1513 6 3344
92 6 3334
961 6 3367
660 6 3363
47 6 3346
1202 6 3349
1394 6 3350
1606 6 3350
167 6 3352
177 6 3337
603 6 3358
245 6 3354
267 6 3354
1378 6 3341
149 6 3357
41 6 3345
261 6 3345
